0	2363
1	2587
2	2404
3	2656
4	2378
5	2527
6	2865
7	3009
8	2300
9	2265
10	2969
11	2806
12	2760
13	2480
14	2946
15	2323
16	2922
17	2608
18	2194
19	2268
20	2459
21	2160
22	2467
23	2469
24	2218
25	2851
26	2879
27	2420
28	2831
29	2899
30	2772
31	2553
32	2611
33	2263
34	2188
35	2239
36	2499
37	2343
38	2397
39	2724
40	2860
41	2855
42	2174
43	2841
44	2570
45	2313
46	2368
47	2633
48	2933
49	2442
50	3014
51	2491
52	2479
53	2509
54	2962
55	2544
56	2929
57	2516
58	2422
59	2138
60	2471
61	2685
62	2778
63	2280
64	2822
65	2971
66	2383
67	2917
68	2785
69	2861
70	2278
71	2932
72	2916
73	2567
74	2679
75	2288
76	2483
77	3019
78	2231
79	2388
80	2192
81	2373
82	2850
83	2972
84	2371
85	2472
86	2639
87	2555
88	2210
89	2829
90	2264
91	2732
92	2710
93	2532
94	2212
95	2863
96	2485
97	2854
98	2913
99	2432
100	2673
101	2406
102	2146
103	2973
104	2261
105	2816
106	2620
107	2534
108	2301
109	2661
110	2797
111	2168
112	2272
113	2436
114	2166
115	2538
116	2919
117	2675
118	2316
119	2287
120	2733
121	2391
122	2619
123	2814
124	2605
125	2983
126	2340
127	2457
128	2557
129	2636
130	2753
131	2948
132	2642
133	2417
134	2357
135	2455
136	2342
137	2350
138	2559
139	2718
140	2669
141	2185
142	2399
143	2966
144	2958
145	2769
146	2556
147	2164
148	2551
149	2839
150	2925
151	2294
152	2203
153	2979
154	2492
155	2415
156	2154
157	2589
158	2875
159	2878
160	2677
161	2653
162	3000
163	2558
164	2645
165	2817
166	2149
167	2666
168	2735
169	2400
170	2528
171	2184
172	2794
173	2142
174	2247
175	2305
176	2595
177	2178
178	2678
179	2375
180	2784
181	2505
182	2330
183	2181
184	2222
185	2728
186	2914
187	2747
188	2145
189	2206
190	2519
191	2489
192	2353
193	2481
194	2562
195	2274
196	2882
197	2440
198	2267
199	2217
200	2547
201	2295
202	2445
203	2592
204	2588
205	2976
206	2742
207	2614
208	2885
209	2730
210	2696
211	2387
212	2953
213	2663
214	2243
215	2936
216	2365
217	2843
218	2248
219	2583
220	2781
221	2665
222	2253
223	2259
224	2893
225	2801
226	2336
227	2617
228	2161
229	2756
230	2955
231	2448
232	2586
233	2764
234	2670
235	2220
236	2183
237	2682
238	2182
239	2610
240	2789
241	2362
242	2216
243	2153
244	2411
245	2444
246	2952
247	2727
248	2674
249	2346
250	2937
251	2757
252	2223
253	2786
254	2820
255	2157
256	2915
257	2410
258	2591
259	2852
260	2202
261	2418
262	2989
263	2790
264	2474
265	2329
266	2856
267	2520
268	2721
269	2433
270	2641
271	2152
272	2849
273	2453
274	2662
275	2655
276	2887
277	2834
278	2903
279	2266
280	2804
281	2347
282	2435
283	2596
284	2437
285	2414
286	2755
287	2827
288	2649
289	2566
290	2632
291	2319
292	2314
293	2354
294	2744
295	2974
296	2965
297	2847
298	2963
299	2242
300	2561
301	2874
302	2302
303	2452
304	2990
305	2688
306	2427
307	2770
308	2451
309	2891
310	2447
311	2512
312	2423
313	2593
314	2671
315	2214
316	2540
317	2177
318	2997
319	2603
320	2175
321	2930
322	2775
323	2193
324	2774
325	2507
326	2297
327	2582
328	2625
329	2349
330	2230
331	2236
332	2818
333	2580
334	2815
335	2681
336	2271
337	2392
338	2892
339	2285
340	2156
341	2943
342	2252
343	2139
344	2867
345	2576
346	2842
347	2807
348	2739
349	2812
350	2598
351	2238
352	2811
353	2738
354	2726
355	2541
356	2514
357	2438
358	2493
359	2759
360	2612
361	2522
362	2470
363	2923
364	2565
365	2859
366	2896
367	2564
368	2798
369	2659
370	2275
371	2638
372	2575
373	2358
374	2165
375	2535
376	2975
377	2286
378	2717
379	2920
380	2327
381	2298
382	2425
383	2366
384	2927
385	2311
386	2209
387	2466
388	2180
389	2370
390	2996
391	2795
392	2672
393	2367
394	2624
395	2255
396	2825
397	2550
398	2900
399	2281
400	2866
401	3012
402	2590
403	2412
404	2691
405	2740
406	2664
407	2542
408	2934
409	2251
410	2320
411	2284
412	2799
413	2176
414	2155
415	2998
416	2569
417	2884
418	2694
419	2613
420	2626
421	2477
422	2846
423	2959
424	2643
425	2631
426	2137
427	2262
428	2476
429	2386
430	2713
431	2693
432	2291
433	2341
434	2150
435	2833
436	2229
437	2652
438	2791
439	2269
440	2159
441	2416
442	2703
443	2942
444	2736
445	2697
446	2359
447	2503
448	2689
449	2890
450	2622
451	2912
452	2530
453	2857
454	2496
455	3007
456	3003
457	2299
458	2260
459	2828
460	2449
461	2908
462	2712
463	2200
464	2446
465	2987
466	2803
467	2321
468	2994
469	2187
470	2515
471	2167
472	2456
473	2599
474	2351
475	2731
476	2172
477	2421
478	2488
479	2502
480	3021
481	2162
482	2228
483	2352
484	2704
485	2658
486	2902
487	2711
488	2623
489	2845
490	2651
491	2290
492	2858
493	2518
494	2148
495	2374
496	2802
497	2213
498	2270
499	2531
500	2657
501	2871
502	2135
503	2950
504	2450
505	2539
506	2310
507	2201
508	2676
509	2338
510	2379
511	2158
512	2333
513	2765
514	2905
515	2465
516	2931
517	2947
518	2461
519	2578
520	2600
521	2246
522	2844
523	2513
524	2324
525	2510
526	2584
527	2940
528	2928
529	2398
530	2322
531	2910
532	2904
533	2134
534	2992
535	3008
536	2988
537	2548
538	2136
539	2835
540	2573
541	3017
542	2245
543	2628
544	2782
545	2873
546	2836
547	2344
548	2616
549	2909
550	2309
551	2430
552	2289
553	2683
554	2709
555	2701
556	2355
557	3004
558	2762
559	2403
560	2783
561	2337
562	2805
563	2317
564	2380
565	2986
566	2810
567	2215
568	2918
569	2454
570	2800
571	2585
572	2752
573	3015
574	2536
575	2468
576	2304
577	2635
578	2889
579	2419
580	2292
581	2511
582	2170
583	2458
584	2667
585	2394
586	2627
587	2615
588	2604
589	2196
590	2147
591	2886
592	2995
593	2723
594	2533
595	2840
596	2434
597	2853
598	2668
599	2325
600	2361
601	2563
602	2883
603	2644
604	2331
605	3001
606	2171
607	2935
608	2395
609	2173
610	2308
611	2768
612	2521
613	2494
614	2949
615	2750
616	2758
617	2601
618	2241
619	2926
620	2870
621	2495
622	2258
623	2708
624	2572
625	2964
626	2526
627	2429
628	3006
629	2402
630	2745
631	3022
632	2369
633	2984
634	2189
635	2405
636	2501
637	2748
638	2767
639	2978
640	2211
641	2460
642	2872
643	2381
644	2837
645	2702
646	2621
647	3010
648	2554
649	2328
650	2443
651	2482
652	2133
653	2985
654	2490
655	2981
656	2640
657	2377
658	2680
659	2144
660	2796
661	2776
662	2574
663	2151
664	2654
665	2385
666	2560
667	2906
668	2749
669	2911
670	2463
671	2609
672	2169
673	2869
674	2690
675	3018
676	2140
677	2650
678	2956
679	2773
680	2529
681	2195
682	2356
683	3005
684	2763
685	2413
686	2864
687	2647
688	2205
689	2257
690	2780
691	2648
692	2597
693	2307
694	2487
695	2862
696	2618
697	2293
698	2894
699	2497
700	2428
701	2204
702	2225
703	2462
704	2945
705	2577
706	2687
707	2326
708	2634
709	2877
710	2699
711	2198
712	2787
713	2345
714	2714
715	2832
716	2968
717	2579
718	2706
719	2276
720	2941
721	2552
722	2475
723	2707
724	2741
725	2315
726	2751
727	2761
728	2826
729	2809
730	2771
731	2186
732	3013
733	2334
734	2743
735	2606
736	2409
737	2464
738	2716
739	2306
740	2848
741	2960
742	2318
743	2951
744	2517
745	2312
746	3020
747	2500
748	2360
749	2977
750	2390
751	2921
752	2793
753	2224
754	2484
755	2734
756	2143
757	2939
758	2163
759	2240
760	2426
815	2546
762	2439
763	2692
764	2961
765	2982
766	2339
767	2332
768	2898
769	2208
770	2660
771	2389
772	2646
773	2407
774	2737
775	2719
776	2938
777	2504
778	2273
779	2197
780	2523
781	2876
782	2957
783	2190
784	2924
785	2695
786	2376
787	2823
788	2508
789	3023
790	2543
791	2431
792	2607
793	2821
794	2700
795	2384
796	2720
797	2901
798	2729
799	2895
800	2498
801	2537
802	2824
803	3002
804	2364
805	2594
806	2478
807	2244
808	2199
809	2221
810	2226
811	2234
812	2549
813	2401
814	2746
816	2715
817	2254
818	2581
819	2227
820	2779
821	2486
822	2545
823	2191
824	2880
825	2473
826	2888
827	2141
828	2382
829	2777
830	2637
831	2277
832	2372
833	2725
834	2705
835	2993
836	2766
837	2424
838	2441
839	2954
840	2571
841	2524
842	2838
843	2788
844	2999
845	2393
846	2868
847	2754
848	2335
849	3011
850	2792
851	2256
852	2296
853	2525
854	2396
855	2698
856	2237
857	2630
858	2629
859	2881
860	2830
861	2207
862	2980
863	2506
864	2808
865	2897
866	2819
867	2279
868	2602
869	2232
870	2235
871	2282
872	2179
873	2686
874	2970
875	2233
876	2813
877	2991
878	2722
879	2967
880	2219
881	2348
882	2283
883	2944
884	2684
885	2249
886	2568
887	2303
888	2408
889	2907
890	3016
